1011000000000011
1010111000001010
1010010110010110
1010101100000000
1010011101100100
1010011000001010
1010110000000000
1111010000000011
1000001100000001
1111010010100001
1110010000111000
1000001100000010
1110000000001111
1111010010100011
1000001100000011
1111010010100001
1110010000110011
1000001100000100
1111010010100001
1110010000101011
1000001100000101
1110000000011000
1111010010100111
1000001100000110
1111010010100001
1110010000111100
1000001100000111
1111010010100001
1110010001000101
1000001100001000
1110000000100001
1111010010100110
1000001100001001
1110000000100100
1111010010100101
1000001100001010
1110000000100111
1111010010101000
1111010000011111
1001111100000001
1110010000001000
1111010010100010
1101100101100101
1110100000100111
1111010010100000
1111010000000001
1101100000100101
1110110000100111
1100000101100001
1111010010100000
1111010000010010
1101101001001110
1110110000110011
1101111000010010
1111010010100000
1111010000000000
1101100000000111
1110000000111000
1111010010100000
1111010000000010
1101100001000110
1110110000111100
1010110100000000
1111010000001101
1101100110100010
1110000001000000
1100010011000010
1111010010100000
1111010000010011
1011010000111100
1100101001110100
0000110000000001
1101100110010011
1110000001001000
1111010010100000
